57456816 0 0 -0.03 0.00 1018 1014 1000 0 1150 1150 1150 1150 12.53 
57556916 1 0 0.11 0.00 1023 1018 1000 0 1150 1150 1150 1150 12.45 
57657016 2 0 0.17 0.00 1018 1018 1000 0 1150 1150 1150 1150 12.45 
57757180 3 0 0.27 0.00 1018 1018 1000 0 1150 1150 1150 1150 12.49 
57857308 4 0 0.31 0.00 1018 1018 1000 0 1150 1150 1150 1150 12.49 
57957396 5 0 0.14 0.00 1018 1018 1000 0 1150 1150 1150 1150 12.48 
58057516 6 0 -0.01 0.00 1018 1023 1000 0 1150 1150 1150 1150 12.48 
58157604 7 0 0.16 0.00 1018 1018 1000 0 1150 1150 1150 1150 12.49 
58257764 8 0 -0.06 0.00 1018 1018 1000 0 1150 1150 1150 1150 12.48 
58357880 9 0 -0.12 0.00 1018 1018 1000 0 1150 1150 1150 1150 12.46 
58458068 10 0 -0.24 0.00 1018 1018 1000 0 1150 1150 1150 1150 12.46 
58558144 11 0 -0.08 0.00 1018 1018 1000 0 1150 1150 1150 1150 12.48 
58658236 12 0 -0.05 0.00 1018 1018 1000 0 1150 1150 1150 1150 12.48 
58758344 13 0 0.01 0.00 1018 1018 1000 0 1150 1150 1150 1150 12.45 
58858444 14 0 -0.01 0.00 1018 1018 1000 0 1150 1150 1150 1150 12.48 
58958564 15 0 -0.19 0.00 1018 1018 1000 0 1150 1150 1150 1150 12.45 
59058632 16 0 -0.24 0.00 1018 1018 1000 0 1150 1150 1150 1150 12.48 
59158740 17 0 -0.32 0.00 1116 1088 1000 0 1150 1150 1150 1150 12.48 
59258860 18 0 -0.23 0.00 1233 1200 1000 0 1231 1150 1193 1241 12.48 
59358932 19 0 -0.14 0.00 1303 1299 1000 0 1306 1304 1258 1328 12.42 
59459100 20 0 -0.12 0.00 1373 1373 1000 0 1348 1412 1384 1348 12.31 
59559272 21 0 0.07 0.00 1457 1411 1000 0 1370 1424 1438 1412 12.31 
59659332 22 0 0.24 0.00 1523 1485 1000 0 1441 1477 1489 1533 12.30 
59759632 23 0 0.24 0.00 1560 1556 1000 0 1512 1574 1594 1544 12.20 
59859752 24 0 0.17 0.00 1565 1560 1000 0 1561 1591 1589 1499 12.12 
59959908 25 0 0.11 0.00 1588 1593 1000 0 1590 1670 1588 1524 12.15 
60060008 26 0 0.18 0.00 1588 1588 1000 0 1690 1556 1562 1544 12.14 
60160088 27 0 0.22 0.00 1593 1593 1000 0 1661 1631 1537 1543 12.14 
60260252 28 0 0.12 0.00 1551 1588 1000 0 1633 1681 1511 1527 12.11 
60360336 29 0 -0.09 0.00 1556 1551 1000 0 1663 1567 1491 1483 12.14 
60460640 30 0 -0.23 0.00 1551 1556 1000 0 1596 1666 1498 1464 12.12 
60560724 31 0 -0.28 0.00 1551 1556 1000 0 1624 1636 1512 1452 12.15 
60661012 32 0 -0.38 0.00 1551 1551 1000 0 1619 1607 1543 1435 12.18 
60761092 33 0 -0.27 0.00 1514 1528 1000 0 1600 1628 1476 1408 12.08 
60861312 34 0 -0.35 0.00 1485 1485 1000 0 1533 1599 1399 1409 12.21 
60961448 35 0 -0.41 0.00 1485 1485 1000 0 1522 1592 1432 1394 12.18 
61061628 36 0 -0.37 0.00 1485 1485 1000 0 1454 1612 1418 1456 12.24 
61161788 37 0 -0.12 0.00 1485 1485 1000 0 1458 1594 1470 1418 12.24 
61261908 38 0 -0.15 0.00 1490 1476 1000 0 1477 1543 1443 1441 12.18 
61362100 39 0 0.09 0.00 1556 1560 1000 0 1592 1618 1542 1488 12.11 
61462172 40 0 0.19 0.00 1560 1556 1000 0 1582 1602 1522 1518 12.17 
61562388 41 0 0.30 0.00 1560 1556 1000 0 1514 1656 1500 1554 12.07 
61662528 42 0 0.26 0.00 1556 1560 1000 0 1606 1594 1542 1498 12.15 
61762744 43 0 0.27 0.00 1556 1560 1000 0 1533 1659 1529 1519 12.02 
61862852 44 0 0.31 0.00 1560 1560 1000 0 1551 1653 1543 1493 12.12 
61963000 45 0 0.37 0.00 1556 1556 1000 0 1547 1663 1533 1481 12.11 
62063108 46 0 0.40 0.00 1560 1556 1000 0 1512 1700 1480 1532 12.12 
62163204 47 0 0.46 0.00 1556 1560 1000 0 1643 1641 1449 1507 12.07 
62263412 48 0 0.47 0.00 1528 1560 1000 0 1646 1576 1530 1488 12.07 
62363520 49 0 0.70 0.00 1523 1532 1000 0 1548 1618 1460 1502 12.11 
62463764 50 0 0.85 0.00 1523 1528 1000 0 1529 1617 1443 1523 12.14 
62563876 51 0 0.99 0.00 1523 1523 1000 0 1559 1591 1479 1463 12.17 
62664004 52 0 1.01 0.00 1523 1523 1000 0 1590 1606 1430 1466 12.09 
62764152 53 0 1.21 0.00 1523 1523 1000 0 1553 1561 1489 1489 12.11 
62864208 54 0 1.40 0.00 1523 1528 1000 0 1524 1618 1492 1478 12.11 
62964304 55 0 1.27 0.00 1523 1523 1000 0 1516 1638 1506 1432 12.04 
63064432 56 0 1.33 0.00 1523 1528 1000 0 1537 1607 1523 1445 12.09 
63164504 57 0 1.46 0.00 1523 1523 1000 0 1504 1590 1496 1502 12.09 
63264676 58 0 1.47 0.00 1523 1523 1000 0 1505 1605 1515 1467 12.14 
63364796 59 0 1.40 0.00 1523 1523 1000 0 1519 1611 1501 1461 12.17 
63464892 60 0 1.34 0.00 1518 1523 1000 0 1507 1609 1529 1447 12.04 
63565016 61 0 1.40 0.00 1523 1523 1000 0 1591 1571 1455 1475 12.08 
63665120 62 0 1.46 0.00 1523 1528 1000 0 1574 1610 1512 1416 12.07 
63765348 63 0 1.44 0.00 1523 1523 1000 0 1611 1601 1473 1407 12.08 
63865420 64 0 1.55 0.00 1528 1523 1000 0 1573 1641 1463 1415 12.09 
63965484 65 0 1.69 0.00 1523 1523 1000 0 1588 1658 1444 1402 12.14 
64065588 66 0 1.70 0.00 1523 1523 1000 0 1592 1618 1450 1432 12.14 
64165664 67 0 1.62 0.00 1523 1523 1000 0 1576 1624 1454 1438 12.08 
64265880 68 0 1.73 0.00 1528 1523 1000 0 1590 1662 1396 1444 12.09 
64365972 69 0 1.57 0.00 1523 1523 1000 0 1568 1666 1440 1418 12.09 
64466224 70 0 1.62 0.00 1523 1523 1000 0 1452 1612 1508 1520 12.12 
64566352 71 0 1.51 0.00 1523 1523 1000 0 1576 1666 1468 1382 12.09 
64666520 72 0 1.72 0.00 1523 1523 1000 0 1602 1688 1408 1394 12.07 
64766620 73 0 1.76 0.00 1523 1528 1000 0 1602 1730 1382 1398 12.12 
64866740 74 0 1.85 0.00 1509 1509 1000 0 1641 1643 1375 1377 12.09 
64966892 75 0 1.78 0.00 1523 1523 1000 0 1632 1660 1422 1378 12.11 
65067000 76 0 1.84 0.00 1523 1523 1000 0 1561 1687 1421 1423 12.09 
65167084 77 0 1.83 0.00 1523 1523 1000 0 1606 1620 1448 1418 12.04 
65267168 78 0 1.85 0.00 1523 1523 1000 0 1590 1666 1430 1406 12.09 
65367276 79 0 1.81 0.00 1523 1523 1000 0 1554 1670 1426 1442 12.07 
65467360 80 0 1.94 0.00 1523 1523 1000 0 1628 1638 1422 1404 12.09 
65567520 81 0 1.84 0.00 1523 1528 1000 0 1603 1643 1427 1439 12.02 
65667628 82 0 1.87 0.00 1528 1523 1000 0 1650 1574 1452 1416 12.07 
65767728 83 0 1.95 0.00 1523 1523 1000 0 1517 1633 1489 1453 12.15 
65867820 84 0 2.10 0.00 1523 1523 1000 0 1488 1526 1526 1552 12.09 
65967956 85 0 1.94 0.00 1523 1523 1000 0 1526 1508 1560 1498 12.11 
66068080 86 0 2.06 0.00 1523 1523 1000 0 1520 1556 1526 1490 11.99 
66168184 87 0 2.21 0.00 1523 1514 1000 0 1452 1588 1532 1484 12.09 
66268296 88 0 2.25 0.00 1528 1528 1000 0 1505 1623 1481 1503 12.08 
66368380 89 0 2.14 0.00 1523 1523 1000 0 1473 1621 1493 1505 12.11 
66468512 90 0 2.14 0.00 1532 1523 1000 0 1573 1567 1501 1451 12.12 
66568612 91 0 2.43 0.00 1532 1523 1000 0 1567 1603 1501 1421 12.11 
66668832 92 0 2.42 0.00 1523 1523 1000 0 1574 1610 1472 1436 12.05 
66768948 93 0 2.32 0.00 1523 1523 1000 0 1594 1620 1442 1436 12.09 
66869044 94 0 2.20 0.00 1514 1514 1000 0 1629 1611 1389 1427 12.05 
66969156 95 0 2.21 0.00 1523 1523 1000 0 1595 1605 1457 1435 12.11 
67069272 96 0 2.17 0.00 1523 1523 1000 0 1594 1618 1474 1406 12.08 
67169460 97 0 2.17 0.00 1523 1523 1000 0 1612 1660 1382 1438 12.02 
67269540 98 0 2.14 0.00 1523 1523 1000 0 1564 1670 1432 1426 12.05 
67369828 99 0 2.27 0.00 1523 1523 1000 0 1624 1664 1420 1384 12.07 
67469904 100 0 2.29 0.00 1523 1523 1000 0 1557 1657 1433 1445 12.07 
67570116 101 0 2.14 0.00 1523 1523 1000 0 1596 1644 1460 1392 12.07 
67670212 102 0 2.03 0.00 1523 1528 1000 0 1561 1649 1455 1447 12.05 
67770280 103 0 1.95 0.00 1528 1523 1000 0 1591 1645 1437 1419 12.04 
67870412 104 0 1.74 0.00 1523 1523 1000 0 1578 1622 1460 1432 12.08 
67970512 105 0 1.81 0.00 1528 1528 1000 0 1598 1642 1430 1442 12.05 
68070656 106 0 1.87 0.00 1523 1528 1000 0 1562 1640 1460 1450 12.01 
68170768 107 0 1.89 0.00 1532 1523 1000 0 1584 1602 1464 1442 12.07 
68271052 108 0 1.89 0.00 1523 1523 1000 0 1588 1598 1470 1436 12.08 
68371164 109 0 1.62 0.00 1523 1523 1000 0 1588 1648 1408 1448 12.07 
68471484 110 0 1.55 0.00 1523 1528 1000 0 1647 1583 1473 1409 11.99 
68571584 111 0 1.56 0.00 1523 1523 1000 0 1573 1649 1433 1437 12.05 
68671724 112 0 1.48 0.00 1523 1523 1000 0 1604 1626 1432 1430 12.07 
68771840 113 0 1.51 0.00 1528 1523 1000 0 1593 1609 1443 1447 12.01 
68871980 114 0 1.80 0.00 1523 1523 1000 0 1554 1626 1484 1428 12.11 
68972084 115 0 1.79 0.00 1523 1528 1000 0 1580 1666 1470 1396 12.02 
69072208 116 0 1.68 0.00 1523 1523 1000 0 1574 1614 1466 1438 12.11 
69172436 117 0 1.64 0.00 1588 1579 1000 0 1692 1626 1512 1486 11.98 
69272512 118 0 1.73 0.00 1588 1598 1000 0 1625 1685 1557 1525 11.98 
69372760 119 0 1.76 0.00 1588 1588 1000 0 1628 1632 1560 1532 11.95 
69472876 120 0 1.70 0.00 1598 1593 1000 0 1608 1680 1540 1544 11.98 
69573064 121 0 1.55 0.00 1588 1588 1000 0 1649 1607 1609 1487 11.95 
69673160 122 0 1.67 0.00 1588 1593 1000 0 1622 1696 1522 1532 11.93 
69773268 123 0 1.65 0.00 1574 1574 1000 0 1615 1633 1581 1467 12.07 
69873408 124 0 1.63 0.00 1588 1588 1000 0 1614 1692 1510 1536 12.01 
69973532 125 0 1.55 0.00 1588 1588 1000 0 1655 1653 1565 1479 11.96 
70073700 126 0 1.56 0.00 1593 1593 1000 0 1528 1774 1520 1550 11.99 
70173832 127 0 1.70 0.00 1556 1551 1000 0 1630 1606 1514 1454 12.08 
70274096 128 0 1.69 0.00 1551 1556 1000 0 1614 1626 1522 1462 12.02 
70374240 129 0 1.69 0.00 1556 1551 1000 0 1604 1640 1502 1458 12.04 
70474452 130 0 1.71 0.00 1551 1560 1000 0 1609 1641 1493 1497 12.04 
70574536 131 0 1.70 0.00 1551 1551 1000 0 1580 1664 1498 1462 12.05 
70674652 132 0 1.57 0.00 1551 1551 1000 0 1630 1678 1490 1406 12.02 
70774780 133 0 1.69 0.00 1556 1551 1000 0 1532 1708 1506 1458 12.01 
70874828 134 0 1.71 0.00 1551 1551 1000 0 1669 1623 1465 1447 12.01 
70974956 135 0 1.85 0.00 1551 1551 1000 0 1578 1684 1476 1466 11.93 
71075156 136 0 1.75 0.00 1565 1551 1000 0 1551 1719 1451 1483 12.02 
71175408 137 0 2.06 0.00 1556 1556 1000 0 1655 1615 1489 1465 12.01 
71275540 138 0 2.14 0.00 1551 1556 1000 0 1642 1678 1480 1424 12.01 
71375788 139 0 2.27 0.00 1551 1551 1000 0 1608 1630 1500 1466 12.02 
71475876 140 0 2.30 0.00 1556 1551 1000 0 1565 1689 1459 1491 11.99 
71576016 141 0 2.29 0.00 1551 1556 1000 0 1653 1607 1487 1477 12.02 
71676168 142 0 2.42 0.00 1551 1551 1000 0 1597 1649 1471 1487 12.02 
71776268 143 0 2.38 0.00 1551 1551 1000 0 1611 1639 1477 1477 11.99 
71876400 144 0 2.63 0.00 1551 1556 1000 0 1539 1673 1541 1471 12.04 
71976532 145 0 2.68 0.00 1551 1551 1000 0 1585 1639 1515 1465 12.05 
72076660 146 0 2.80 0.00 1556 1560 1000 0 1631 1649 1515 1445 12.01 
72176720 147 0 2.90 0.00 1551 1551 1000 0 1605 1603 1519 1477 11.98 
72276960 148 0 2.96 0.00 1551 1551 1000 0 1558 1654 1502 1490 11.99 
72377072 149 0 2.88 0.00 1556 1551 1000 0 1586 1648 1516 1454 11.95 
72477312 150 0 2.91 0.00 1551 1556 1000 0 1632 1608 1490 1494 12.04 
72577428 151 0 2.89 0.00 1551 1551 1000 0 1596 1644 1506 1458 11.99 
72677592 152 0 2.98 0.00 1556 1556 1000 0 1636 1642 1508 1438 12.01 
72777712 153 0 2.97 0.00 1551 1551 1000 0 1575 1653 1509 1467 11.93 
72877812 154 0 3.01 0.00 1551 1551 1000 0 1593 1643 1481 1487 11.99 
72978032 155 0 3.23 0.00 1551 1556 1000 0 1608 1642 1500 1474 11.99 
73078172 156 0 3.36 0.00 1556 1551 1000 0 1614 1616 1528 1446 11.99 
73178468 157 0 3.46 0.00 1556 1551 1000 0 1595 1649 1485 1475 11.99 
73278648 158 0 3.60 0.00 1560 1551 1000 0 1620 1602 1492 1490 11.95 
73381396 159 1 3.69 3.58 1551 1541 1556 -15 1613 1627 1483 1441 11.99 
73484756 160 1 3.80 3.58 1551 1516 1556 -40 1563 1627 1435 1439 12.02 
73587488 161 1 3.77 3.58 1551 1491 1556 -65 1532 1604 1416 1412 12.02 
73690108 162 1 3.80 3.58 1551 1466 1556 -90 1526 1570 1396 1372 12.08 
73793852 163 1 3.70 3.58 1551 1456 1556 -100 1509 1577 1365 1373 12.08 
73896764 164 1 3.74 3.58 1551 1456 1556 -100 1512 1570 1388 1354 12.05 
74000356 165 1 3.72 3.58 1551 1456 1556 -100 1488 1584 1400 1352 12.09 
74103732 166 1 3.67 3.58 1551 1456 1556 -100 1502 1572 1368 1382 12.09 
74207296 167 1 3.86 3.58 1551 1456 1556 -100 1518 1564 1376 1366 12.05 
74310160 168 1 4.01 3.58 1551 1456 1556 -100 1513 1571 1375 1365 12.05 
74413144 169 1 3.92 3.58 1551 1456 1556 -100 1515 1575 1369 1365 12.12 
74515140 170 1 3.71 3.58 1556 1456 1556 -100 1508 1582 1362 1372 12.09 
74618316 171 1 3.64 3.58 1551 1456 1556 -100 1527 1575 1365 1357 12.11 
74721512 172 1 3.67 3.58 1551 1456 1556 -100 1545 1557 1355 1367 12.05 
74825312 173 1 3.83 3.58 1551 1456 1556 -100 1551 1593 1341 1339 11.95 
74928560 174 1 3.70 3.58 1551 1456 1556 -100 1559 1609 1329 1327 12.11 
75031992 175 1 3.66 3.58 1551 1456 1556 -100 1557 1615 1335 1317 12.01 
75135184 176 1 3.58 3.58 1551 1456 1556 -100 1553 1591 1353 1327 12.05 
75238460 177 1 3.49 3.58 1551 1467 1556 -89 1556 1622 1338 1352 12.11 
75341728 178 1 3.54 3.58 1551 1491 1556 -65 1573 1631 1373 1387 12.08 
75444864 179 1 3.57 3.58 1556 1498 1556 -58 1531 1643 1419 1399 12.05 
75547892 180 1 3.15 3.58 1556 1523 1556 -33 1578 1624 1472 1418 12.05 
75651880 181 1 2.84 3.58 1556 1548 1556 -8 1593 1623 1505 1471 11.99 
75755200 182 1 2.49 3.58 1560 1573 1556 17 1589 1647 1525 1531 12.01 
75859532 183 1 2.33 3.58 1560 1598 1556 42 1634 1630 1592 1536 11.93 
75962668 184 1 2.20 3.58 1556 1623 1556 67 1635 1641 1645 1571 11.92 
76066204 185 1 2.04 3.58 1551 1648 1556 92 1623 1683 1663 1623 11.90 
76169448 186 1 2.00 3.58 1551 1656 1556 100 1639 1639 1699 1647 11.90 
76272532 187 1 1.95 3.58 1556 1656 1556 100 1658 1638 1692 1636 11.83 
76376080 188 1 1.82 3.58 1551 1656 1556 100 1667 1647 1679 1631 11.82 
76479332 189 1 1.69 3.58 1551 1656 1556 100 1693 1649 1667 1615 11.83 
76582268 190 1 1.58 3.58 1565 1656 1556 100 1664 1712 1642 1606 11.86 
76686432 191 1 1.78 3.58 1556 1656 1556 100 1664 1728 1618 1614 11.89 
76789944 192 1 1.82 3.58 1551 1656 1556 100 1712 1722 1634 1556 11.89 
76893092 193 1 1.75 3.58 1551 1656 1556 100 1738 1728 1598 1560 11.83 
76996480 194 1 1.71 3.58 1556 1656 1556 100 1735 1755 1577 1557 11.85 
77100088 195 1 1.71 3.58 1551 1656 1556 100 1721 1741 1615 1547 11.89 
77203876 196 1 1.89 3.58 1556 1656 1556 100 1769 1719 1593 1543 11.95 
77306908 197 1 1.87 3.58 1560 1656 1556 100 1695 1789 1597 1543 11.85 
77410968 198 1 2.04 3.58 1551 1656 1556 100 1760 1710 1628 1526 11.85 
77514044 199 1 2.06 3.58 1551 1656 1556 100 1738 1738 1598 1550 11.86 
77616640 200 1 2.23 3.58 1551 1656 1556 100 1657 1825 1591 1551 11.85 
77720636 201 1 2.44 3.58 1556 1656 1556 100 1723 1761 1589 1551 11.87 
77823972 202 1 2.42 3.58 1551 1656 1556 100 1704 1732 1636 1552 11.89 
77927480 203 1 2.68 3.58 1556 1656 1556 100 1767 1699 1607 1551 11.82 
78030660 204 1 3.07 3.58 1556 1656 1556 100 1720 1732 1606 1566 11.82 
78134252 205 1 3.48 3.58 1556 1656 1556 100 1698 1728 1606 1592 11.90 
78237384 206 1 3.56 3.58 1551 1656 1556 100 1650 1802 1584 1588 11.85 
78340516 207 1 3.85 3.58 1542 1633 1556 77 1665 1733 1599 1535 11.85 
78443768 208 1 3.99 3.58 1556 1608 1556 52 1654 1714 1550 1514 11.85 
78547488 209 1 4.27 3.58 1556 1583 1556 27 1636 1684 1542 1470 11.90 
78650232 210 1 4.71 3.58 1551 1558 1556 2 1602 1666 1514 1450 11.98 
78753636 211 1 5.14 3.58 1556 1533 1556 -23 1599 1607 1487 1439 11.99 
78856624 212 1 5.53 3.58 1560 1508 1556 -48 1553 1611 1445 1423 12.04 
78960636 213 1 5.82 3.58 1551 1483 1556 -73 1549 1565 1417 1401 12.01 
79064100 214 1 6.19 3.58 1551 1458 1556 -98 1497 1581 1389 1365 12.04 
79166856 215 1 6.59 3.58 1551 1456 1556 -100 1499 1573 1385 1367 12.05 
79270656 216 1 6.96 3.58 1551 1456 1556 -100 1497 1555 1399 1373 12.02 
79373932 217 1 7.13 3.58 1551 1456 1556 -100 1503 1555 1403 1363 12.02 
79477392 218 1 7.39 3.58 1551 1456 1556 -100 1491 1559 1407 1367 12.04 
79580468 219 1 7.69 3.58 1551 1456 1556 -100 1490 1566 1404 1364 11.99 
79683468 220 1 7.89 3.58 1551 1456 1556 -100 1493 1583 1373 1375 11.99 
79787224 221 1 8.12 3.58 1551 1456 1556 -100 1514 1550 1394 1366 12.04 
79890024 222 1 8.45 3.58 1560 1456 1556 -100 1480 1572 1402 1370 12.04 
79993588 223 1 8.65 3.58 1556 1456 1556 -100 1486 1546 1412 1380 12.02 
80096964 224 1 8.70 3.58 1551 1456 1556 -100 1488 1556 1404 1376 12.02 
80200212 225 1 8.68 3.58 1551 1456 1556 -100 1473 1537 1425 1389 12.07 
80303212 226 1 8.97 3.58 1551 1456 1556 -100 1463 1541 1411 1409 12.02 
80406312 227 1 8.91 3.58 1556 1456 1556 -100 1462 1532 1422 1408 11.98 
80509892 228 1 8.83 3.58 1556 1456 1556 -100 1464 1526 1426 1408 12.04 
80613736 229 1 8.57 3.58 1551 1456 1556 -100 1447 1509 1441 1427 11.98 
80716872 230 1 8.42 3.58 1556 1456 1556 -100 1450 1526 1426 1422 12.02 
80820252 231 1 8.21 3.58 1556 1456 1556 -100 1470 1524 1404 1426 12.02 
80923420 232 1 8.13 3.58 1551 1456 1556 -100 1470 1528 1402 1424 11.96 
81026460 233 1 8.32 3.58 1560 1456 1556 -100 1483 1519 1425 1397 12.05 
81130388 234 1 8.27 3.58 1551 1456 1556 -100 1499 1559 1403 1363 12.05 
81233596 235 1 8.28 3.58 1556 1456 1556 -100 1462 1576 1396 1390 12.01 
81337272 236 1 8.22 3.58 1551 1456 1556 -100 1472 1596 1344 1412 12.02 
81440580 237 1 8.01 3.58 1556 1456 1556 -100 1500 1560 1388 1376 11.98 
81543916 238 1 7.92 3.58 1551 1456 1556 -100 1503 1569 1407 1345 11.99 
81647032 239 1 7.57 3.58 1556 1456 1556 -100 1492 1574 1400 1358 12.02 
81749856 240 1 7.26 3.58 1551 1456 1556 -100 1534 1518 1404 1368 12.04 
81853140 241 1 6.87 3.58 1556 1456 1556 -100 1533 1515 1409 1367 12.02 
81956404 242 1 6.51 3.58 1542 1456 1556 -100 1525 1519 1423 1357 12.05 
82059280 243 1 6.15 3.58 1551 1456 1556 -100 1527 1545 1437 1315 12.05 
82162968 244 1 5.96 3.58 1551 1456 1556 -100 1517 1547 1431 1329 12.02 
82266532 245 1 5.60 3.58 1542 1456 1556 -100 1579 1511 1417 1317 12.04 
82369272 246 1 5.36 3.58 1551 1456 1556 -100 1555 1543 1417 1309 12.01 
82473060 247 1 5.25 3.58 1556 1456 1556 -100 1588 1472 1470 1294 12.04 
82576356 248 1 4.90 3.58 1556 1456 1556 -100 1518 1512 1466 1328 12.04 
82679876 249 1 4.90 3.58 1551 1456 1556 -100 1560 1544 1394 1326 12.07 
82782916 250 1 4.68 3.58 1551 1456 1556 -100 1587 1567 1407 1263 12.05 
82885772 251 0 4.19 3.58 1551 1456 1556 -100 1507 1703 1301 1313 12.05 
82985876 252 0 3.77 3.58 1551 1556 1556 0 1740 1738 1400 1346 11.86 
83085988 253 0 3.61 3.58 1551 1556 1556 0 1603 1911 1227 1483 11.87 
83186148 254 0 3.37 3.58 1560 1551 1556 0 1734 1780 1328 1362 11.90 
83286260 255 0 3.16 3.58 1995 1850 1556 0 1864 1954 1846 1736 11.57 
83386376 256 0 2.45 3.58 1990 1850 1556 0 2000 1610 1634 1728 11.64 
83486484 257 0 1.56 3.58 1990 1850 1556 0 1864 1874 1720 1942 11.49 
83586608 258 0 1.04 3.58 1990 1850 1556 0 2000 1730 1594 1840 11.51 
83686700 259 0 0.84 3.58 1995 1850 1556 0 1852 1970 1786 1792 11.54 
83786824 260 0 0.77 3.58 1995 1850 1556 0 1794 1992 1750 1864 11.52 
83886948 261 0 0.57 3.58 1990 1850 1556 0 1720 2000 1786 1818 11.77 
83987056 262 0 0.64 3.58 1995 1850 1556 0 2000 1744 1798 1810 11.65 
84087172 263 0 0.66 3.58 1971 1850 1556 0 1750 2000 1702 1804 11.65 
84187308 264 0 0.74 3.58 1140 1177 1556 0 1214 1246 1150 1150 11.95 
84287408 265 0 0.61 3.58 1046 1042 1556 0 1150 1150 1150 1150 12.14 
84387528 266 0 0.53 3.58 1051 1046 1556 0 1150 1150 1150 1150 12.17 
84487624 267 0 0.66 3.58 1051 1046 1556 0 1150 1150 1150 1150 12.18 
84587764 268 0 0.68 3.58 1046 1046 1556 0 1150 1150 1150 1150 12.18 
84687908 269 0 0.82 3.58 1144 1074 1556 0 1151 1155 1150 1150 12.20 
84787972 270 0 0.93 3.58 1420 1383 1556 0 1390 1448 1378 1316 12.11 
84888056 271 0 0.93 3.58 1556 1556 1556 0 1626 1604 1500 1494 11.98 
84988160 272 0 0.90 3.58 1626 1626 1556 0 1723 1743 1483 1555 11.82 
85088312 273 0 0.82 3.58 1887 1831 1556 0 2000 1816 1644 1548 11.60 
85188464 274 0 0.67 3.58 1981 1850 1556 0 1910 2000 1570 1668 11.80 
85288556 275 0 0.14 3.58 1976 1850 1556 0 2000 1868 1774 1398 11.70 
85388684 276 0 -0.11 3.58 1911 1850 1556 0 1902 2000 1668 1566 11.74 
85488804 277 0 -0.33 3.58 1546 1621 1556 0 1825 1639 1503 1517 11.83 
85588912 278 0 -0.23 3.58 1439 1443 1556 0 1467 1495 1377 1433 12.04 
85689092 279 0 -0.03 3.58 1434 1439 1556 0 1464 1476 1440 1376 12.02 
85789164 280 0 0.24 3.58 1434 1439 1556 0 1521 1411 1525 1299 12.04 
85889252 281 0 0.30 3.58 1439 1434 1556 0 1413 1443 1471 1409 12.04 
85989316 282 0 0.65 3.58 1439 1439 1556 0 1372 1528 1388 1468 11.99 
86089412 283 0 0.81 3.58 1439 1439 1556 0 1417 1509 1393 1437 11.98 
86189532 284 0 1.02 3.58 1434 1439 1556 0 1450 1462 1416 1428 12.02 
86289668 285 0 1.23 3.58 1546 1509 1556 0 1533 1583 1455 1465 11.98 
86389796 286 0 1.38 3.58 1663 1663 1556 0 1696 1740 1604 1612 11.82 
86489952 287 0 1.48 3.58 1658 1658 1556 0 1700 1686 1608 1638 11.76 
86590028 288 0 1.52 3.58 1658 1663 1556 0 1686 1738 1636 1592 11.83 
86690196 289 0 1.46 3.58 1658 1658 1556 0 1747 1707 1605 1573 11.73 
86790344 290 0 1.60 3.58 1584 1616 1556 0 1692 1728 1552 1492 11.77 
86890460 291 0 1.49 3.58 1584 1584 1556 0 1645 1727 1533 1431 11.89 
86990580 292 0 1.37 3.58 1509 1523 1556 0 1613 1635 1419 1425 11.92 
87090672 293 0 1.53 3.58 1523 1518 1556 0 1640 1550 1446 1436 11.90 
87190812 294 0 1.73 3.58 1523 1518 1556 0 1623 1553 1503 1393 11.92 
87290932 295 0 1.84 3.58 1518 1523 1556 0 1606 1496 1502 1488 11.90 
87391040 296 0 1.96 3.58 1518 1518 1556 0 1582 1592 1506 1392 12.01 
87491140 297 0 2.05 3.58 1523 1518 1556 0 1567 1573 1479 1453 11.93 
87591252 298 0 2.28 3.58 1518 1523 1556 0 1629 1571 1471 1421 11.93 
87691328 299 0 2.27 3.58 1518 1518 1556 0 1606 1572 1482 1412 11.92 
87791448 300 0 2.25 3.58 1528 1523 1556 0 1641 1585 1487 1379 11.90 
87891560 301 0 2.54 3.58 1523 1528 1556 0 1665 1607 1435 1405 11.95 
87991744 302 0 2.69 3.58 1523 1523 1556 0 1694 1596 1418 1384 11.85 
88091844 303 0 2.86 3.58 1528 1523 1556 0 1643 1661 1389 1399 11.93 
88191936 304 0 3.13 3.58 1523 1523 1556 0 1721 1621 1313 1437 11.95 
88292160 305 0 3.43 3.58 1523 1532 1556 0 1727 1623 1327 1451 11.82 
88392308 306 0 3.67 3.58 1528 1523 1556 0 1714 1612 1310 1456 11.92 
88492632 307 0 3.82 3.58 1528 1523 1556 0 1743 1609 1387 1353 11.82 
88592712 308 0 3.74 3.58 1565 1523 1556 0 1756 1556 1394 1386 11.92 
88692920 309 0 3.91 3.58 1593 1584 1556 0 1754 1656 1470 1456 11.87 
88793076 310 0 4.02 3.58 1593 1593 1556 0 1741 1723 1421 1487 11.86 
88893172 311 0 4.12 3.58 1593 1593 1556 0 1688 1730 1372 1582 11.79 
88993264 312 0 3.94 3.58 1593 1593 1556 0 1701 1675 1471 1525 11.82 
89093388 313 0 3.81 3.58 1593 1598 1556 0 1622 1784 1478 1508 11.87 
89193596 314 0 3.56 3.58 1593 1593 1556 0 1707 1711 1489 1465 11.85 
89293692 315 0 3.31 3.58 1593 1593 1556 0 1763 1681 1493 1435 11.86 
89393916 316 0 3.16 3.58 1588 1593 1556 0 1710 1688 1484 1490 11.86 
89494080 317 0 2.99 3.58 1443 1448 1556 0 1577 1519 1369 1327 11.93 
89594232 318 0 2.77 3.58 1443 1443 1556 0 1553 1551 1309 1359 11.96 
89694360 319 0 2.70 3.58 1443 1443 1556 0 1562 1442 1410 1358 11.93 
89794452 320 0 2.87 3.58 1443 1443 1556 0 1590 1470 1328 1384 11.96 
89894568 321 0 2.93 3.58 1448 1443 1556 0 1522 1462 1410 1378 12.01 
89994668 322 0 2.85 3.58 1443 1448 1556 0 1456 1606 1342 1388 11.95 
90094776 323 0 3.18 3.58 1448 1448 1556 0 1473 1541 1349 1429 11.98 
90194876 324 0 3.22 3.58 1523 1504 1556 0 1541 1525 1463 1487 11.96 
90294960 325 0 3.27 3.58 1523 1528 1556 0 1590 1590 1450 1482 11.93 
90395132 326 0 3.45 3.58 1528 1528 1556 0 1529 1601 1455 1527 11.86 
90495292 327 0 3.44 3.58 1523 1523 1556 0 1584 1556 1462 1490 11.95 
90595376 328 0 3.42 3.58 1528 1523 1556 0 1481 1603 1489 1519 11.95 
90695464 329 0 3.09 3.58 1528 1528 1556 0 1459 1505 1613 1535 11.98 
90795608 330 0 2.88 3.58 1528 1528 1556 0 1387 1551 1595 1579 11.93 
90895712 331 0 2.65 3.58 1523 1523 1556 0 1420 1440 1626 1606 11.92 
90995820 332 0 2.52 3.58 1528 1528 1556 0 1421 1459 1589 1643 11.96 
91095916 333 0 2.53 3.58 1523 1528 1556 0 1426 1418 1628 1640 11.95 
91196076 334 0 2.77 3.58 1523 1528 1556 0 1434 1516 1534 1628 11.93 
91296164 335 0 2.67 3.58 1523 1523 1556 0 1581 1607 1369 1535 11.86 
91396284 336 0 2.56 3.58 1528 1528 1556 0 1661 1689 1389 1373 11.90 
91496404 337 0 2.53 3.58 1528 1523 1556 0 1630 1746 1392 1324 11.86 
91596516 338 0 2.48 3.58 1565 1546 1556 0 1716 1694 1364 1410 11.83 
91696624 339 0 2.41 3.58 1593 1593 1556 0 1621 1783 1487 1481 11.73 
91796736 340 0 2.37 3.58 1593 1593 1556 0 1746 1676 1456 1494 11.83 
91896812 341 0 2.21 3.58 1588 1588 1556 0 1631 1751 1473 1497 11.86 
91996952 342 0 2.26 3.58 1523 1518 1556 0 1698 1602 1364 1408 11.85 
92097048 343 0 2.13 3.58 1518 1509 1556 0 1612 1730 1328 1366 11.82 
92197156 344 0 2.10 3.58 1518 1518 1556 0 1619 1665 1343 1445 11.87 
92297432 345 0 2.20 3.58 1523 1518 1556 0 1610 1686 1392 1384 11.86 
92397544 346 0 2.25 3.58 1481 1485 1556 0 1662 1574 1324 1380 11.98 
92497788 347 0 2.31 3.58 1481 1485 1556 0 1670 1552 1372 1346 11.87 
92597940 348 0 2.15 3.58 1485 1481 1556 0 1659 1583 1307 1375 11.90 
92698164 349 0 2.17 3.58 1481 1485 1556 0 1506 1692 1360 1382 11.90 
92798252 350 0 2.15 3.58 1481 1481 1556 0 1607 1589 1341 1387 11.93 
92898348 351 0 2.22 3.58 1490 1490 1556 0 1607 1569 1393 1391 11.89 
92998516 352 0 1.79 3.58 1551 1556 1556 0 1652 1640 1494 1438 11.80 
93098712 353 0 1.72 3.58 1556 1556 1556 0 1623 1625 1453 1523 11.90 
93198900 354 0 1.70 3.58 1560 1560 1556 0 1612 1714 1514 1400 11.86 
93298976 355 0 1.62 3.58 1598 1593 1556 0 1693 1663 1503 1513 11.89 
93399256 356 0 1.64 3.58 1593 1593 1556 0 1663 1659 1523 1527 11.92 
93499352 357 0 1.78 3.58 1593 1593 1556 0 1657 1639 1561 1515 11.83 
93599480 358 0 1.78 3.58 1598 1593 1556 0 1518 1622 1654 1578 11.79 
93699600 359 0 1.51 3.58 1598 1598 1556 0 1532 1596 1612 1652 11.87 
93799708 360 0 1.31 3.58 1593 1593 1556 0 1489 1637 1591 1655 11.87 
93899856 361 0 1.29 3.58 1598 1598 1556 0 1614 1576 1610 1592 11.87 
93999984 362 0 1.35 3.58 1598 1593 1556 0 1566 1638 1606 1562 11.83 
94100108 363 0 1.47 3.58 1593 1607 1556 0 1554 1666 1584 1624 11.89 
94200208 364 0 1.53 3.58 1588 1593 1556 0 1685 1667 1477 1543 11.86 
94300392 365 0 1.39 3.58 1528 1523 1556 0 1584 1602 1462 1444 11.86 
94400496 366 0 1.37 3.58 1518 1518 1556 0 1526 1668 1450 1428 11.85 
94500600 367 0 1.33 3.58 1518 1518 1556 0 1521 1699 1447 1405 11.90 
94600704 368 0 1.37 3.58 1518 1518 1556 0 1539 1585 1453 1495 11.85 
94700820 369 0 1.27 3.58 1523 1523 1556 0 1535 1631 1441 1485 11.90 
94800908 370 0 1.31 3.58 1518 1518 1556 0 1539 1645 1447 1441 11.87 
94901012 371 0 1.43 3.58 1523 1518 1556 0 1577 1595 1493 1407 11.83 
95001152 372 0 1.52 3.58 1528 1523 1556 0 1564 1676 1420 1432 11.93 
95101248 373 0 1.51 3.58 1523 1528 1556 0 1527 1671 1491 1423 11.90 
95201580 374 0 1.26 3.58 1518 1523 1556 0 1535 1659 1485 1413 11.95 
95301720 375 0 1.34 3.58 1523 1528 1556 0 1611 1611 1425 1465 11.86 
95401996 376 0 1.48 3.58 1556 1523 1556 0 1521 1663 1437 1471 11.90 
95502188 377 0 1.50 3.58 1560 1560 1556 0 1564 1688 1530 1458 11.76 
95602448 378 0 1.51 3.58 1570 1560 1556 0 1563 1693 1519 1465 11.85 
95702524 379 0 1.55 3.58 1556 1556 1556 0 1649 1673 1481 1421 11.87 
95802588 380 0 1.53 3.58 1556 1556 1556 0 1683 1631 1437 1473 11.77 
95902748 381 0 1.53 3.58 1518 1523 1556 0 1591 1591 1449 1461 11.83 
96002884 382 0 1.56 3.58 1523 1518 1556 0 1505 1637 1431 1499 11.90 
96102996 383 0 1.61 3.58 1523 1523 1556 0 1456 1668 1514 1454 11.93 
96203116 384 0 1.59 3.58 1523 1518 1556 0 1576 1598 1460 1438 11.83 
96303240 385 0 1.94 3.58 1523 1518 1556 0 1486 1644 1462 1480 11.93 
96403364 386 0 1.98 3.58 1523 1518 1556 0 1526 1656 1450 1440 11.93 
96503472 387 0 2.19 3.58 1593 1593 1556 0 1622 1714 1518 1518 11.79 
96603592 388 0 2.15 3.58 1593 1579 1556 0 1635 1613 1569 1499 11.83 
96703720 389 0 1.84 3.58 1574 1574 1556 0 1722 1550 1560 1464 11.79 
96803828 390 0 1.66 3.58 1443 1443 1556 0 1502 1606 1368 1296 11.86 
96903976 391 0 1.64 3.58 1448 1443 1556 0 1482 1572 1372 1346 11.99 
97004112 392 0 1.55 3.58 1453 1453 1556 0 1456 1568 1408 1380 11.93 
97104224 393 0 1.55 3.58 1457 1453 1556 0 1447 1587 1401 1377 11.98 
97204372 394 0 1.54 3.58 1560 1532 1556 0 1532 1640 1502 1454 11.89 
97304516 395 0 1.14 3.58 1626 1621 1556 0 1646 1694 1600 1544 11.80 
97404640 396 0 0.92 3.58 1626 1626 1556 0 1628 1716 1582 1578 11.76 
97504692 397 0 0.75 3.58 1626 1626 1556 0 1646 1742 1630 1486 11.74 
97604796 398 0 0.74 3.58 1621 1626 1556 0 1616 1758 1598 1532 11.83 
97704868 399 0 0.82 3.58 1593 1616 1556 0 1668 1664 1604 1528 11.80 
97804996 400 0 0.66 3.58 1523 1523 1556 0 1573 1585 1485 1449 11.90 
97905140 401 0 0.58 3.58 1523 1523 1556 0 1564 1606 1518 1404 11.85 
98005232 402 0 0.55 3.58 1528 1518 1556 0 1559 1585 1521 1407 11.90 
98105536 403 0 0.34 3.58 1556 1551 1556 0 1575 1651 1511 1467 11.90 
98205676 404 0 0.31 3.58 1443 1481 1556 0 1518 1596 1396 1414 11.82 
98306008 405 0 0.26 3.58 1387 1406 1556 0 1458 1514 1350 1302 12.02 
98406084 406 0 0.31 3.58 1144 1182 1556 0 1233 1299 1150 1150 12.01 
98506188 407 0 0.25 3.58 1023 1018 1556 0 1150 1150 1150 1150 12.14 
98606260 408 0 0.13 3.58 1023 1023 1556 0 1150 1150 1150 1150 12.14 
98706356 409 0 -0.11 3.58 1023 1023 1556 0 1150 1150 1150 1150 12.14 
