9813472 0 0 -0.19 0.00 1018 1018 1000 0 1150 1150 1150 1150 12.68 
9913620 1 0 -0.14 0.00 1018 1014 1000 0 1150 1150 1150 1150 12.67 
10013740 2 0 -0.23 0.00 1018 1018 1000 0 1150 1150 1150 1150 12.68 
10113856 3 0 -0.25 0.00 1032 1018 1000 0 1150 1150 1150 1150 12.68 
10213984 4 0 -0.41 0.00 1014 1018 1000 0 1150 1150 1150 1150 12.68 
10314060 5 0 -0.64 0.00 1018 1018 1000 0 1150 1150 1150 1150 12.68 
10414224 6 0 -0.81 0.00 1018 1018 1000 0 1150 1150 1150 1150 12.68 
10514328 7 0 -0.70 0.00 1018 1018 1000 0 1150 1150 1150 1150 12.67 
10614444 8 0 -0.65 0.00 1018 1018 1000 0 1150 1150 1150 1150 12.68 
10714536 9 0 -0.53 0.00 1018 1018 1000 0 1150 1150 1150 1150 12.68 
10814692 10 0 -0.58 0.00 1018 1018 1000 0 1150 1150 1150 1150 12.68 
10914848 11 0 -0.64 0.00 1018 1018 1000 0 1150 1150 1150 1150 12.68 
11014944 12 0 -0.63 0.00 1018 1018 1000 0 1150 1150 1150 1150 12.68 
11115044 13 0 -0.67 0.00 1014 1018 1000 0 1150 1150 1150 1150 12.68 
11215164 14 0 -0.55 0.00 1018 1018 1000 0 1150 1150 1150 1150 12.67 
11315240 15 0 -0.48 0.00 1023 1018 1000 0 1150 1150 1150 1150 12.68 
11415340 16 0 -0.25 0.00 1023 1018 1000 0 1150 1150 1150 1150 12.68 
11515420 17 0 -0.07 0.00 1018 1018 1000 0 1150 1150 1150 1150 12.68 
11615588 18 0 0.04 0.00 1009 1009 1000 0 1150 1150 1150 1150 12.68 
11715696 19 0 0.03 0.00 1084 1023 1000 0 1150 1150 1150 1150 12.68 
11815792 20 0 -0.03 0.00 1275 1233 1000 0 1227 1247 1239 1219 12.68 
11915880 21 0 0.03 0.00 1514 1481 1000 0 1471 1497 1485 1471 12.67 
12015980 22 0 0.03 0.00 1630 1602 1000 0 1599 1611 1611 1587 12.68 
12116152 23 0 0.00 0.00 1635 1630 1000 0 1625 1641 1641 1613 12.67 
12216236 24 0 0.13 0.00 1644 1630 1000 0 1622 1650 1638 1610 12.68 
12316336 25 0 0.20 0.00 1630 1630 1000 0 1624 1642 1636 1618 12.68 
12416492 26 0 0.18 0.00 1630 1630 1000 0 1624 1642 1636 1618 12.68 
12516608 27 0 0.07 0.00 1621 1621 1000 0 1615 1635 1627 1607 12.68 
12616716 28 0 -0.04 0.00 1037 1037 1000 0 1150 1150 1150 1150 12.68 
12716796 29 0 0.00 0.00 1018 1023 1000 0 1150 1150 1150 1150 12.68 
12816928 30 0 0.09 0.00 1023 1023 1000 0 1150 1150 1150 1150 12.67 
12917044 31 0 -0.04 0.00 1018 1018 1000 0 1150 1150 1150 1150 12.68 
51662424 32 0 -0.42 0.00 1018 1018 1000 0 1150 1150 1150 1150 12.68 
51762504 33 0 -0.33 0.00 1018 1014 1000 0 1150 1150 1150 1150 12.48 
51862636 34 0 -0.21 0.00 1018 1028 1000 0 1150 1150 1150 1150 12.61 
51962808 35 0 -0.17 0.00 1023 1018 1000 0 1150 1150 1150 1150 12.61 
52062936 36 0 -0.39 0.00 1028 1018 1000 0 1150 1150 1150 1150 12.61 
52163120 37 0 -0.37 0.00 1018 1018 1000 0 1150 1150 1150 1150 12.62 
52263188 38 0 -0.49 0.00 1023 1023 1000 0 1150 1150 1150 1150 12.61 
52363304 39 0 -0.56 0.00 1023 1018 1000 0 1150 1150 1150 1150 12.59 
52463396 40 0 -0.49 0.00 1018 1018 1000 0 1150 1150 1150 1150 12.62 
52563520 41 0 -0.49 0.00 1023 1018 1000 0 1150 1150 1150 1150 12.58 
52663584 42 0 -0.64 0.00 1023 1014 1000 0 1150 1150 1150 1150 12.59 
52763728 43 0 -0.59 0.00 1023 1023 1000 0 1150 1150 1150 1150 12.62 
52863900 44 0 -0.42 0.00 1018 1018 1000 0 1150 1150 1150 1150 12.61 
52964016 45 0 -0.55 0.00 1009 1023 1000 0 1150 1150 1150 1150 12.62 
53064088 46 0 -0.64 0.00 1018 1018 1000 0 1150 1150 1150 1150 12.62 
53164208 47 0 -0.52 0.00 1018 1018 1000 0 1150 1150 1150 1150 12.62 
53264304 48 0 -0.51 0.00 1018 1023 1000 0 1150 1150 1150 1150 12.62 
53364412 49 0 -0.51 0.00 1023 1018 1000 0 1150 1150 1150 1150 12.59 
53464604 50 0 -0.55 0.00 1009 1009 1000 0 1150 1150 1150 1150 12.62 
53564724 51 0 -0.65 0.00 1084 1084 1000 0 1150 1150 1150 1150 12.59 
53664792 52 0 -0.59 0.00 1154 1140 1000 0 1192 1150 1166 1150 12.62 
53764916 53 0 -0.61 0.00 1233 1205 1000 0 1171 1225 1201 1223 12.55 
53865084 54 0 -0.41 0.00 1336 1299 1000 0 1270 1326 1296 1304 12.49 
53965360 55 0 -0.47 0.00 1387 1373 1000 0 1382 1344 1402 1364 12.48 
54065436 56 0 -0.39 0.00 1406 1411 1000 0 1436 1346 1466 1396 12.45 
54165696 57 0 -0.43 0.00 1448 1448 1000 0 1431 1431 1473 1457 12.40 
54265832 58 0 -0.22 0.00 1523 1528 1000 0 1523 1547 1541 1501 12.36 
54365944 59 0 -0.08 0.00 1523 1528 1000 0 1495 1531 1601 1485 12.31 
54466088 60 0 -0.04 0.00 1556 1551 1000 0 1508 1588 1550 1558 12.34 
54566164 61 0 0.28 0.00 1588 1598 1000 0 1547 1627 1611 1607 12.34 
54666280 62 0 0.10 0.00 1593 1584 1000 0 1602 1574 1596 1564 12.24 
54766476 63 0 -0.05 0.00 1560 1584 1000 0 1579 1597 1565 1595 12.24 
54866804 64 0 -0.17 0.00 1556 1551 1000 0 1562 1558 1570 1514 12.30 
54966928 65 0 -0.23 0.00 1528 1537 1000 0 1573 1551 1567 1457 12.30 
55067100 66 0 -0.13 0.00 1523 1523 1000 0 1572 1562 1532 1426 12.28 
55167292 67 0 -0.09 0.00 1523 1518 1000 0 1504 1576 1514 1478 12.28 
55267480 68 0 -0.07 0.00 1523 1523 1000 0 1519 1611 1489 1473 12.31 
55367612 69 0 -0.11 0.00 1523 1523 1000 0 1522 1630 1486 1454 12.34 
55467760 70 0 -0.13 0.00 1518 1518 1000 0 1605 1593 1491 1383 12.36 
55567868 71 0 0.00 0.00 1523 1518 1000 0 1605 1597 1423 1447 12.36 
55668004 72 0 0.00 0.00 1518 1518 1000 0 1598 1674 1384 1416 12.34 
55768168 73 0 0.00 0.00 1523 1523 1000 0 1602 1670 1394 1426 12.31 
55868272 74 0 0.05 0.00 1523 1518 1000 0 1536 1610 1474 1452 12.33 
55968428 75 0 0.17 0.00 1485 1485 1000 0 1561 1581 1359 1439 12.34 
56068476 76 0 0.35 0.00 1485 1485 1000 0 1494 1630 1434 1382 12.36 
56168572 77 0 0.49 0.00 1485 1485 1000 0 1533 1593 1437 1377 12.28 
56268680 78 0 0.64 0.00 1485 1471 1000 0 1566 1620 1368 1330 12.36 
56368820 79 0 0.67 0.00 1485 1485 1000 0 1619 1625 1323 1373 12.26 
56468944 80 0 0.71 0.00 1485 1481 1000 0 1559 1667 1361 1337 12.27 
56569052 81 0 0.67 0.00 1481 1485 1000 0 1523 1639 1377 1401 12.34 
56669200 82 0 0.84 0.00 1485 1485 1000 0 1567 1581 1399 1393 12.31 
56769240 83 0 0.86 0.00 1485 1485 1000 0 1460 1594 1450 1436 12.31 
56869348 84 0 0.80 0.00 1490 1485 1000 0 1447 1543 1493 1457 12.37 
56969492 85 0 0.60 0.00 1495 1485 1000 0 1482 1522 1478 1458 12.27 
57069636 86 0 0.61 0.00 1485 1490 1000 0 1474 1556 1498 1432 12.31 
57169772 87 0 0.56 0.00 1523 1509 1000 0 1537 1587 1447 1465 12.28 
57269900 88 0 0.51 0.00 1523 1523 1000 0 1599 1591 1467 1435 12.21 
57370004 89 0 0.29 0.00 1528 1523 1000 0 1629 1573 1423 1467 12.20 
57470092 90 0 0.20 0.00 1523 1523 1000 0 1538 1604 1486 1464 12.30 
57570200 91 0 0.17 0.00 1556 1556 1000 0 1635 1637 1499 1453 12.28 
57670276 92 0 0.07 0.00 1556 1560 1000 0 1619 1653 1505 1463 12.26 
57770360 93 0 -0.01 0.00 1556 1556 1000 0 1578 1668 1524 1454 12.27 
57870428 94 0 0.05 0.00 1556 1560 1000 0 1600 1690 1444 1506 12.24 
57970540 95 0 0.13 0.00 1556 1556 1000 0 1609 1709 1477 1429 12.27 
58070692 96 0 0.19 0.00 1551 1556 1000 0 1665 1651 1455 1453 12.11 
58170784 97 0 -0.00 0.00 1523 1537 1000 0 1635 1665 1417 1431 12.23 
58270876 98 0 0.11 0.00 1523 1514 1000 0 1628 1654 1422 1352 12.31 
58371012 99 0 0.50 0.00 1523 1523 1000 0 1608 1630 1438 1416 12.31 
58471180 100 0 0.57 0.00 1523 1528 1000 0 1569 1635 1485 1423 12.26 
58571292 101 0 0.52 0.00 1523 1523 1000 0 1574 1594 1442 1482 12.21 
58671420 102 0 0.46 0.00 1523 1523 1000 0 1548 1574 1502 1468 12.20 
58771540 103 0 0.49 0.00 1523 1523 1000 0 1528 1604 1548 1412 12.21 
58871696 104 0 0.68 0.00 1523 1523 1000 0 1588 1574 1490 1440 12.26 
58971772 105 0 0.71 0.00 1523 1523 1000 0 1583 1597 1509 1403 12.28 
59071900 106 0 0.59 0.00 1523 1523 1000 0 1601 1595 1475 1421 12.28 
59172068 107 0 0.50 0.00 1523 1523 1000 0 1587 1589 1477 1439 12.28 
59272172 108 0 0.59 0.00 1523 1523 1000 0 1649 1615 1411 1417 12.24 
59372308 109 0 0.77 0.00 1523 1523 1000 0 1581 1677 1433 1401 12.26 
59472416 110 0 0.81 0.00 1523 1523 1000 0 1635 1643 1397 1417 12.21 
59572500 111 0 0.89 0.00 1523 1523 1000 0 1631 1613 1463 1385 12.12 
59672628 112 0 0.89 0.00 1532 1523 1000 0 1606 1638 1444 1404 12.23 
59772944 113 0 0.91 0.00 1523 1528 1000 0 1657 1597 1427 1431 12.21 
59873040 114 0 0.92 0.00 1523 1523 1000 0 1609 1633 1461 1389 12.18 
59973260 115 0 0.79 0.00 1523 1523 1000 0 1547 1705 1387 1453 12.23 
60073384 116 0 0.85 0.00 1528 1523 1000 0 1588 1610 1458 1436 12.27 
60173616 117 0 0.99 0.00 1523 1523 1000 0 1568 1606 1472 1446 12.28 
60273736 118 0 1.00 0.00 1528 1523 1000 0 1564 1578 1532 1418 12.24 
60373868 119 0 0.89 0.00 1523 1523 1000 0 1604 1576 1496 1416 12.28 
60473952 120 0 0.94 0.00 1523 1523 1000 0 1602 1554 1490 1446 12.28 
60574056 121 0 0.97 0.00 1528 1523 1000 0 1518 1598 1528 1448 12.20 
60674260 122 0 0.96 0.00 1523 1523 1000 0 1545 1581 1547 1419 12.21 
60774408 123 0 1.01 0.00 1514 1523 1000 0 1560 1596 1492 1444 12.21 
60874700 124 0 1.00 0.00 1523 1518 1000 0 1597 1573 1483 1419 12.24 
60974856 125 0 1.02 0.00 1523 1523 1000 0 1578 1594 1464 1456 12.27 
61075096 126 0 0.99 0.00 1523 1528 1000 0 1542 1588 1502 1480 12.26 
61175172 127 0 0.98 0.00 1523 1523 1000 0 1533 1621 1515 1423 12.27 
61275296 128 0 0.88 0.00 1523 1523 1000 0 1568 1598 1502 1424 12.23 
61375368 129 0 0.82 0.00 1523 1523 1000 0 1535 1573 1511 1473 12.21 
61475488 130 0 0.92 0.00 1523 1523 1000 0 1576 1586 1464 1466 12.26 
61575668 131 0 0.86 0.00 1523 1523 1000 0 1569 1595 1491 1437 12.20 
61675764 132 0 0.94 0.00 1523 1523 1000 0 1572 1618 1478 1424 12.11 
61776032 133 0 1.07 0.00 1523 1523 1000 0 1619 1597 1443 1433 12.20 
61876112 134 0 0.80 0.00 1523 1523 1000 0 1568 1624 1478 1422 12.23 
61976280 135 0 0.97 0.00 1523 1523 1000 0 1567 1649 1445 1431 12.26 
62076392 136 0 0.99 0.00 1523 1523 1000 0 1592 1632 1452 1416 12.18 
62176512 137 0 0.96 0.00 1523 1523 1000 0 1566 1660 1430 1436 12.18 
62276604 138 0 0.94 0.00 1528 1523 1000 0 1585 1625 1443 1439 12.21 
62376768 139 0 1.05 0.00 1518 1518 1000 0 1645 1597 1447 1383 12.23 
62476876 140 0 1.17 0.00 1523 1523 1000 0 1582 1668 1420 1422 12.24 
62577040 141 0 1.18 0.00 1523 1518 1000 0 1612 1618 1426 1416 12.26 
62677180 142 0 1.20 0.00 1514 1528 1000 0 1621 1579 1477 1435 12.15 
62777352 143 0 1.37 0.00 1523 1523 1000 0 1603 1601 1435 1453 12.15 
62877632 144 0 1.39 0.00 1528 1523 1000 0 1570 1632 1446 1444 12.15 
62980148 145 1 1.35 1.39 1532 1532 1523 9 1580 1614 1512 1422 12.24 
63083716 146 1 1.16 1.39 1523 1557 1523 34 1589 1649 1495 1495 12.17 
63186776 147 1 1.25 1.39 1523 1582 1523 59 1634 1654 1528 1512 12.17 
63290772 148 1 1.34 1.39 1523 1606 1523 83 1613 1667 1573 1571 12.09 
63394204 149 1 1.44 1.39 1532 1599 1523 76 1649 1661 1573 1513 12.15 
63497128 150 1 1.43 1.39 1523 1595 1523 72 1668 1630 1562 1520 12.11 
63600416 151 1 1.41 1.39 1523 1575 1523 52 1607 1647 1537 1509 12.14 
63703340 152 1 1.37 1.39 1523 1564 1523 41 1590 1642 1532 1492 12.09 
63806524 153 1 1.52 1.39 1523 1539 1523 16 1603 1613 1507 1433 12.20 
63910020 154 1 1.70 1.39 1523 1514 1523 -9 1585 1595 1461 1415 12.26 
64012812 155 1 2.00 1.39 1523 1489 1523 -34 1520 1598 1436 1402 12.24 
64116732 156 1 1.91 1.39 1518 1464 1523 -59 1533 1557 1395 1371 12.28 
64219792 157 1 2.07 1.39 1528 1439 1523 -84 1497 1541 1375 1343 12.24 
64323396 158 1 2.17 1.39 1523 1414 1523 -109 1466 1526 1350 1314 12.30 
64426508 159 1 2.07 1.39 1523 1389 1523 -134 1449 1485 1311 1311 12.31 
64529708 160 1 2.25 1.39 1532 1364 1523 -159 1409 1471 1293 1283 12.31 
64633320 161 1 2.10 1.39 1532 1339 1523 -184 1390 1434 1260 1272 12.36 
64736448 162 1 1.98 1.39 1523 1314 1523 -209 1368 1396 1248 1244 12.34 
64839344 163 1 2.01 1.39 1523 1289 1523 -234 1332 1380 1230 1214 12.34 
64942568 164 1 1.94 1.39 1523 1264 1523 -259 1310 1346 1204 1196 12.33 
65045916 165 1 2.01 1.39 1514 1239 1523 -284 1255 1339 1185 1177 12.39 
65148836 166 1 2.00 1.39 1523 1214 1523 -309 1221 1313 1183 1150 12.42 
65252516 167 1 1.66 1.39 1523 1189 1523 -334 1157 1319 1150 1150 12.45 
65355340 168 1 1.36 1.40 1887 1174 1523 -349 1193 1289 1150 1181 12.45 
65458764 169 2 1.18 1.40 1976 1850 1523 0 1992 2000 1686 1598 11.10 
65561364 170 2 1.04 1.40 1981 1850 1523 0 1790 2000 1796 1698 11.90 
65665648 171 2 0.22 1.40 1981 1850 1523 0 1909 1973 1797 1721 11.82 
65770204 172 2 0.64 1.40 1976 1850 1523 0 1928 1970 1624 1878 11.67 
65873520 173 2 0.53 1.40 1971 1850 1523 0 1850 2000 1716 1642 12.02 
65976564 174 2 0.07 1.40 1976 1850 1523 0 1858 1994 1762 1786 11.68 
66081972 175 2 -0.12 1.40 1892 1850 1523 0 1888 1948 1804 1760 11.74 
66185312 176 2 -0.04 1.40 1733 1771 1523 0 1790 1894 1704 1696 11.76 
66287912 177 2 -0.09 1.40 1616 1654 1523 0 1725 1681 1651 1559 11.93 
66391620 178 2 0.13 1.40 1523 1518 1523 0 1566 1606 1444 1456 12.17 
66496444 179 2 0.48 1.40 1481 1490 1523 0 1567 1573 1435 1385 12.21 
66599836 180 2 0.76 1.40 1443 1443 1523 0 1497 1559 1357 1359 12.26 
66703004 181 2 1.29 1.40 1443 1443 1523 0 1517 1541 1359 1355 12.23 
66805520 182 2 1.65 1.40 1401 1387 1523 0 1458 1496 1308 1286 12.24 
66909104 183 2 2.12 1.40 1411 1397 1523 0 1460 1504 1310 1314 12.24 
67012260 184 2 2.52 1.40 1406 1406 1523 0 1372 1440 1414 1398 12.27 
67116920 185 2 3.04 1.40 1406 1411 1523 0 1425 1467 1385 1367 12.24 
67220372 186 2 3.30 1.40 1397 1406 1523 0 1437 1481 1371 1335 12.28 
67322536 187 2 3.58 1.40 1406 1406 1523 0 1435 1483 1361 1345 12.28 
67426508 188 2 4.12 1.40 1406 1406 1523 0 1443 1489 1349 1343 12.30 
67531496 189 2 4.52 1.40 1406 1411 1523 0 1454 1478 1380 1332 12.23 
67633652 190 2 4.75 1.40 1406 1406 1523 0 1450 1470 1370 1334 12.27 
67736828 191 2 4.74 1.40 1406 1406 1523 0 1456 1468 1368 1332 12.21 
67839632 192 2 4.87 1.40 1406 1411 1523 0 1445 1503 1355 1341 12.23 
67942684 193 2 4.99 1.40 1406 1406 1523 0 1458 1504 1332 1330 12.27 
68046388 194 2 5.05 1.40 1406 1406 1523 0 1470 1490 1336 1328 12.24 
68149180 195 2 5.14 1.40 1406 1406 1523 0 1465 1501 1329 1329 12.27 
68250156 196 0 5.23 1.40 1406 1406 1523 0 1490 1486 1326 1322 12.30 
68350280 197 0 5.06 1.40 1406 1406 1523 0 1466 1480 1384 1294 12.26 
68450372 198 0 4.91 1.40 1406 1411 1523 0 1455 1495 1373 1321 12.24 
68550576 199 0 4.64 1.40 1411 1406 1523 0 1445 1475 1363 1341 12.28 
68650752 200 0 4.57 1.40 1411 1406 1523 0 1417 1543 1323 1341 12.24 
68750984 201 0 4.38 1.40 1406 1406 1523 0 1443 1493 1373 1315 12.28 
68851056 202 0 4.17 1.40 1457 1406 1523 0 1475 1451 1391 1307 12.24 
68951268 203 0 4.03 1.40 1528 1528 1523 0 1574 1612 1484 1442 12.14 
69051416 204 0 3.72 1.40 1593 1588 1523 0 1673 1643 1561 1475 12.20 
69151552 205 0 3.56 1.40 1621 1621 1523 0 1732 1678 1580 1494 12.08 
69251672 206 0 3.17 1.40 1621 1621 1523 0 1671 1705 1507 1601 11.93 
69351780 207 0 3.14 1.40 1658 1658 1523 0 1788 1670 1622 1552 12.01 
69451908 208 0 3.08 1.40 1663 1658 1523 0 1829 1667 1607 1529 11.93 
69552040 209 0 2.90 1.40 1626 1621 1523 0 1652 1744 1570 1518 11.93 
69652296 210 0 2.72 1.40 1588 1584 1523 0 1700 1642 1490 1504 12.05 
69752444 211 0 2.70 1.40 1584 1584 1523 0 1582 1780 1530 1444 12.09 
69852704 212 0 2.45 1.40 1570 1588 1523 0 1712 1650 1512 1478 12.14 
69952808 213 0 2.49 1.40 1528 1542 1523 0 1627 1675 1471 1395 12.12 
70052928 214 0 2.44 1.40 1523 1523 1523 0 1560 1670 1464 1398 12.17 
70153084 215 0 2.48 1.40 1528 1523 1523 0 1643 1683 1419 1347 12.20 
70253200 216 0 2.38 1.40 1528 1528 1523 0 1754 1666 1388 1304 12.09 
70353324 217 0 2.37 1.40 1523 1523 1523 0 1636 1766 1378 1312 12.09 
70453460 218 0 2.31 1.40 1523 1523 1523 0 1639 1745 1301 1407 12.09 
70553572 219 0 2.27 1.40 1523 1523 1523 0 1678 1686 1350 1378 12.11 
70653664 220 0 2.20 1.40 1528 1523 1523 0 1523 1743 1405 1421 12.12 
70753776 221 0 2.16 1.40 1532 1523 1523 0 1526 1668 1472 1426 12.17 
70853864 222 0 2.22 1.40 1523 1528 1523 0 1456 1530 1574 1552 12.14 
70953964 223 0 2.32 1.40 1523 1523 1523 0 1488 1494 1596 1514 12.18 
71054084 224 0 2.25 1.40 1523 1523 1523 0 1543 1505 1551 1493 12.05 
71154200 225 0 2.34 1.40 1523 1523 1523 0 1541 1551 1519 1481 12.11 
71254304 226 0 2.25 1.40 1481 1514 1523 0 1506 1556 1522 1472 12.15 
71354412 227 0 2.25 1.40 1481 1481 1523 0 1499 1547 1463 1415 12.17 
71454524 228 0 2.17 1.40 1481 1481 1523 0 1509 1533 1429 1453 12.20 
71554580 229 0 2.23 1.40 1481 1481 1523 0 1523 1581 1375 1445 12.17 
71654748 230 0 2.26 1.40 1481 1481 1523 0 1547 1617 1367 1393 12.20 
71754908 231 0 2.33 1.40 1481 1481 1523 0 1604 1608 1396 1316 12.20 
71855012 232 0 2.15 1.40 1481 1481 1523 0 1669 1625 1337 1293 12.15 
71955136 233 0 2.19 1.40 1485 1481 1523 0 1687 1671 1255 1311 12.20 
72055228 234 0 2.00 1.40 1481 1481 1523 0 1625 1663 1271 1365 12.11 
72155348 235 0 1.87 1.40 1481 1481 1523 0 1534 1754 1316 1320 12.12 
72255472 236 0 1.73 1.40 1481 1481 1523 0 1476 1688 1430 1330 12.18 
72355576 237 0 1.64 1.40 1485 1485 1523 0 1558 1530 1420 1432 12.17 
72455684 238 0 1.56 1.40 1495 1485 1523 0 1564 1522 1422 1432 12.21 
72555832 239 0 1.50 1.40 1523 1523 1523 0 1598 1638 1446 1410 12.12 
72655940 240 0 1.49 1.40 1528 1542 1523 0 1728 1640 1408 1392 12.11 
72756088 241 0 1.45 1.40 1532 1528 1523 0 1724 1636 1362 1390 12.07 
72856184 242 0 1.44 1.40 1588 1565 1523 0 1772 1744 1346 1398 12.12 
72956296 243 0 1.39 1.40 1593 1593 1523 0 1702 1784 1458 1428 11.99 
73056392 244 0 1.30 1.40 1593 1593 1523 0 1735 1779 1435 1423 11.99 
73156524 245 0 1.05 1.40 1579 1579 1523 0 1718 1678 1486 1434 12.11 
73256612 246 0 1.05 1.40 1593 1598 1523 0 1635 1799 1477 1481 12.04 
73356696 247 0 0.99 1.40 1593 1593 1523 0 1673 1655 1531 1513 12.07 
73456784 248 0 1.09 1.40 1593 1588 1523 0 1649 1603 1579 1521 12.08 
73556896 249 0 1.07 1.40 1593 1593 1523 0 1576 1586 1616 1594 12.07 
73657096 250 0 0.93 1.40 1593 1593 1523 0 1619 1601 1587 1565 12.09 
73757256 251 0 0.84 1.40 1593 1593 1523 0 1653 1643 1559 1517 12.12 
73857352 252 0 0.75 1.40 1593 1593 1523 0 1620 1676 1550 1526 12.09 
73957432 253 0 1.04 1.40 1593 1593 1523 0 1669 1629 1551 1523 12.12 
74057512 254 0 1.02 1.40 1593 1593 1523 0 1684 1646 1512 1530 12.05 
74157616 255 0 1.04 1.40 1588 1593 1523 0 1636 1718 1520 1498 11.98 
74257720 256 0 1.08 1.40 1551 1551 1523 0 1655 1665 1421 1463 12.11 
74357924 257 0 1.20 1.40 1551 1551 1523 0 1624 1672 1468 1440 12.14 
74458024 258 0 1.34 1.40 1556 1542 1523 0 1537 1691 1477 1463 12.09 
74558128 259 0 1.19 1.40 1523 1560 1523 0 1618 1648 1480 1494 12.07 
74658224 260 0 1.24 1.40 1523 1523 1523 0 1596 1584 1466 1446 12.18 
74758392 261 0 1.20 1.40 1528 1518 1523 0 1517 1631 1473 1451 12.07 
74858448 262 0 1.31 1.40 1523 1523 1523 0 1587 1597 1459 1449 12.01 
74958520 263 0 1.51 1.40 1523 1523 1523 0 1561 1637 1479 1415 12.07 
75058636 264 0 1.62 1.40 1523 1523 1523 0 1606 1636 1442 1408 12.15 
75158768 265 0 1.84 1.40 1523 1523 1523 0 1568 1630 1462 1432 12.12 
75258856 266 0 1.84 1.40 1523 1523 1523 0 1561 1691 1445 1395 12.08 
75359000 267 0 1.93 1.40 1523 1523 1523 0 1603 1635 1447 1407 12.17 
75459224 268 0 1.89 1.40 1523 1523 1523 0 1570 1652 1446 1424 12.07 
75559340 269 0 1.92 1.40 1523 1518 1523 0 1534 1666 1456 1416 12.04 
75659672 270 0 2.10 1.40 1523 1523 1523 0 1613 1597 1449 1433 12.09 
75759776 271 0 2.17 1.40 1518 1523 1523 0 1523 1641 1475 1453 12.11 
75859952 272 0 2.19 1.40 1523 1523 1523 0 1591 1589 1479 1433 12.14 
75960124 273 0 2.22 1.40 1518 1523 1523 0 1550 1588 1526 1428 12.12 
76060288 274 0 2.25 1.40 1523 1523 1523 0 1492 1662 1498 1440 12.11 
76160432 275 0 2.25 1.40 1518 1523 1523 0 1498 1608 1486 1500 12.05 
76260572 276 0 2.21 1.40 1523 1518 1523 0 1519 1597 1493 1463 12.18 
76360688 277 0 2.34 1.40 1518 1509 1523 0 1490 1606 1496 1444 12.12 
76460792 278 0 2.49 1.40 1523 1509 1523 0 1504 1572 1488 1472 12.14 
76560976 279 0 2.49 1.40 1523 1523 1523 0 1532 1588 1498 1474 12.09 
76661100 280 0 2.54 1.40 1509 1518 1523 0 1540 1592 1464 1476 12.05 
76761368 281 0 2.47 1.40 1518 1518 1523 0 1524 1600 1452 1496 12.18 
76861456 282 0 2.41 1.40 1523 1523 1523 0 1505 1655 1503 1429 12.14 
76961716 283 0 2.37 1.40 1523 1518 1523 0 1504 1628 1486 1454 12.12 
77061800 284 0 2.43 1.40 1523 1518 1523 0 1507 1637 1469 1459 12.20 
77161956 285 0 2.53 1.40 1518 1518 1523 0 1541 1591 1497 1443 12.15 
77262044 286 0 2.54 1.40 1523 1518 1523 0 1531 1663 1457 1421 12.08 
77362128 287 0 2.61 1.40 1523 1523 1523 0 1576 1658 1430 1428 12.07 
77462320 288 0 2.63 1.40 1523 1532 1523 0 1536 1662 1490 1440 12.14 
77562412 289 0 2.71 1.40 1523 1532 1523 0 1583 1657 1441 1447 12.11 
77662692 290 0 2.56 1.40 1523 1518 1523 0 1641 1601 1371 1459 12.11 
77762808 291 0 2.57 1.40 1523 1518 1523 0 1545 1625 1473 1429 12.17 
77863104 292 0 2.52 1.40 1523 1523 1523 0 1584 1610 1446 1452 12.12 
77963224 293 0 2.51 1.40 1518 1523 1523 0 1551 1645 1453 1443 12.14 
78063368 294 0 2.60 1.40 1523 1523 1523 0 1537 1631 1507 1417 12.17 
78163448 295 0 2.48 1.40 1523 1523 1523 0 1620 1556 1452 1464 12.11 
78263532 296 0 2.45 1.40 1523 1518 1523 0 1569 1621 1447 1435 12.12 
78363716 297 0 2.43 1.40 1523 1523 1523 0 1534 1654 1464 1440 12.12 
78463820 298 0 2.34 1.40 1518 1518 1523 0 1568 1656 1438 1410 12.07 
78564092 299 0 2.31 1.40 1528 1523 1523 0 1510 1676 1472 1434 12.08 
78664216 300 0 2.22 1.40 1523 1523 1523 0 1533 1669 1451 1439 12.04 
78764472 301 0 2.27 1.40 1523 1528 1523 0 1576 1652 1436 1448 12.15 
78864568 302 0 2.17 1.40 1523 1523 1523 0 1601 1611 1443 1437 12.15 
78964668 303 0 2.07 1.40 1518 1523 1523 0 1624 1646 1404 1418 12.12 
79064744 304 0 2.20 1.40 1523 1518 1523 0 1669 1683 1345 1375 12.02 
79164896 305 0 2.31 1.40 1523 1523 1523 0 1662 1716 1378 1336 12.05 
79265040 306 0 2.26 1.40 1518 1523 1523 0 1703 1625 1375 1389 11.98 
79365164 307 0 2.26 1.40 1518 1523 1523 0 1639 1653 1433 1367 12.09 
79465312 308 0 2.15 1.40 1523 1523 1523 0 1625 1673 1421 1373 12.14 
79565460 309 0 2.27 1.40 1518 1523 1523 0 1616 1606 1442 1428 12.14 
79665560 310 0 2.30 1.40 1523 1523 1523 0 1622 1616 1478 1376 12.08 
79765648 311 0 2.33 1.40 1523 1523 1523 0 1617 1585 1465 1425 12.12 
79865736 312 0 2.40 1.40 1523 1518 1523 0 1571 1605 1467 1429 12.12 
79965848 313 0 2.40 1.40 1523 1518 1523 0 1554 1536 1484 1498 12.12 
80065916 314 0 2.31 1.40 1523 1523 1523 0 1544 1534 1512 1502 12.04 
80166036 315 0 2.25 1.40 1523 1523 1523 0 1564 1568 1500 1460 12.07 
80266144 316 0 2.10 1.40 1523 1523 1523 0 1543 1609 1529 1411 12.15 
80366268 317 0 2.17 1.40 1518 1523 1523 0 1550 1626 1506 1410 12.14 
80466408 318 0 2.16 1.40 1523 1523 1523 0 1567 1611 1493 1421 12.14 
80566552 319 0 2.06 1.40 1518 1523 1523 0 1616 1584 1460 1432 12.15 
80666688 320 0 1.98 1.40 1523 1518 1523 0 1578 1650 1528 1316 12.07 
80766868 321 0 2.08 1.40 1523 1523 1523 0 1637 1659 1467 1329 12.01 
80866956 322 0 2.02 1.40 1523 1523 1523 0 1634 1602 1384 1472 12.02 
80967084 323 0 1.75 1.40 1523 1523 1523 0 1592 1664 1354 1482 12.12 
81067176 324 0 1.77 1.40 1523 1518 1523 0 1619 1619 1435 1399 12.07 
81167264 325 0 1.78 1.40 1518 1523 1523 0 1599 1639 1477 1377 12.14 
81267460 326 0 1.88 1.40 1532 1523 1523 0 1589 1651 1449 1403 12.09 
81367588 327 0 1.73 1.40 1523 1523 1523 0 1603 1607 1457 1425 12.08 
81467928 328 0 1.78 1.40 1523 1518 1523 0 1628 1618 1446 1380 12.14 
81568020 329 0 1.73 1.40 1523 1518 1523 0 1612 1660 1414 1386 12.11 
81668356 330 0 1.53 1.40 1518 1518 1523 0 1614 1618 1438 1402 12.14 
81768492 331 0 1.50 1.40 1523 1518 1523 0 1625 1603 1445 1399 12.11 
81868660 332 0 1.43 1.40 1523 1523 1523 0 1606 1594 1494 1398 12.12 
81968800 333 0 1.35 1.40 1523 1523 1523 0 1625 1593 1449 1425 12.08 
82068908 334 0 1.27 1.40 1523 1523 1523 0 1660 1536 1450 1446 12.09 
82168988 335 0 1.34 1.40 1523 1523 1523 0 1613 1573 1485 1421 12.05 
82269092 336 0 1.25 1.40 1523 1523 1523 0 1630 1538 1470 1454 12.09 
82369328 337 0 1.22 1.40 1518 1523 1523 0 1598 1546 1500 1448 12.14 
82469448 338 0 1.14 1.40 1518 1532 1523 0 1550 1538 1582 1458 12.11 
82569728 339 0 1.08 1.40 1523 1523 1523 0 1596 1586 1468 1442 12.09 
82669840 340 0 1.00 1.40 1523 1523 1523 0 1575 1535 1519 1463 12.07 
82769932 341 0 1.02 1.40 1523 1523 1523 0 1538 1500 1532 1522 12.08 
82870068 342 0 1.15 1.40 1518 1523 1523 0 1585 1489 1499 1519 12.09 
82970228 343 0 1.18 1.40 1523 1523 1523 0 1536 1536 1522 1498 12.11 
83070380 344 0 1.12 1.40 1523 1523 1523 0 1501 1519 1597 1475 12.04 
83170492 345 0 0.98 1.40 1523 1523 1523 0 1612 1454 1540 1486 12.15 
83270572 346 0 1.00 1.40 1528 1532 1523 0 1521 1629 1511 1467 12.02 
83370672 347 0 0.88 1.40 1565 1565 1523 0 1637 1681 1489 1453 11.98 
83470812 348 0 0.82 1.40 1565 1565 1523 0 1607 1675 1559 1419 12.05 
83570964 349 0 0.47 1.40 1570 1565 1523 0 1636 1668 1512 1444 12.07 
83671084 350 0 0.24 1.40 1565 1565 1523 0 1585 1711 1491 1473 12.08 
83771180 351 0 0.27 1.40 1556 1556 1523 0 1665 1639 1489 1431 12.04 
83871280 352 0 0.40 1.40 1556 1551 1523 0 1660 1630 1492 1422 11.96 
83971356 353 0 0.32 1.40 1556 1551 1523 0 1698 1580 1514 1412 12.08 
84071500 354 0 0.50 1.40 1551 1551 1523 0 1661 1697 1407 1439 12.09 
84171668 355 0 0.46 1.40 1518 1523 1523 0 1647 1653 1427 1365 12.01 
84271780 356 0 0.51 1.40 1523 1509 1523 0 1527 1589 1485 1435 12.08 
84371920 357 0 0.48 1.40 1514 1518 1523 0 1541 1521 1547 1463 12.09 
84472036 358 0 0.45 1.40 1518 1518 1523 0 1563 1493 1563 1453 12.08 
84572148 359 0 0.33 1.40 1518 1523 1523 0 1553 1547 1543 1449 12.05 
84672292 360 0 0.28 1.40 1518 1523 1523 0 1615 1515 1505 1457 12.02 
84772380 361 0 0.37 1.40 1518 1514 1523 0 1520 1536 1524 1476 12.07 
84872544 362 0 0.50 1.40 1523 1509 1523 0 1527 1527 1499 1483 12.05 
84972664 363 0 0.71 1.40 1518 1518 1523 0 1491 1499 1557 1525 12.12 
85072776 364 0 0.50 1.40 1518 1518 1523 0 1457 1517 1567 1531 12.07 
85172916 365 0 0.54 1.40 1523 1518 1523 0 1459 1615 1495 1503 12.11 
85273052 366 0 0.43 1.40 1518 1518 1523 0 1560 1628 1462 1422 12.14 
85373180 367 0 0.32 1.40 1523 1523 1523 0 1585 1601 1443 1463 12.02 
85473280 368 0 0.25 1.40 1523 1523 1523 0 1576 1608 1422 1486 12.11 
85573412 369 0 0.29 1.40 1560 1556 1523 0 1562 1734 1442 1486 12.02 
85673544 370 0 0.04 1.40 1556 1560 1523 0 1589 1675 1543 1433 12.01 
85773628 371 0 -0.20 1.40 1565 1556 1523 0 1653 1641 1465 1465 12.07 
85873792 372 0 -0.16 1.40 1556 1556 1523 0 1650 1706 1482 1386 12.07 
85973940 373 0 0.01 1.40 1560 1560 1523 0 1644 1614 1508 1474 12.01 
86074036 374 0 -0.02 1.40 1560 1560 1523 0 1635 1595 1527 1483 11.99 
86174156 375 0 -0.12 1.40 1565 1560 1523 0 1584 1648 1494 1514 12.07 
86274308 376 0 -0.20 1.40 1565 1560 1523 0 1568 1664 1538 1470 12.07 
86374392 377 0 -0.17 1.40 1523 1518 1523 0 1591 1651 1415 1415 12.04 
86474556 378 0 -0.17 1.40 1523 1518 1523 0 1547 1637 1451 1437 12.01 
86574708 379 0 -0.20 1.40 1523 1523 1523 0 1537 1617 1493 1445 12.08 
86674840 380 0 -0.17 1.40 1523 1523 1523 0 1563 1601 1459 1469 12.04 
86774968 381 0 -0.33 1.40 1518 1523 1523 0 1595 1617 1467 1413 12.04 
86875088 382 0 -0.28 1.40 1523 1518 1523 0 1528 1610 1464 1470 12.04 
86975212 383 0 -0.14 1.40 1523 1523 1523 0 1558 1610 1484 1440 12.09 
87075384 384 0 -0.09 1.40 1523 1518 1523 0 1523 1643 1465 1441 12.05 
87175456 385 0 -0.09 1.40 1523 1523 1523 0 1521 1651 1497 1423 12.05 
87275548 386 0 -0.19 1.40 1518 1518 1523 0 1547 1623 1463 1439 12.04 
87375656 387 0 -0.17 1.40 1523 1532 1523 0 1556 1616 1524 1432 12.05 
87475788 388 0 -0.36 1.40 1523 1523 1523 0 1569 1629 1473 1421 12.04 
87575864 389 0 -0.26 1.40 1523 1523 1523 0 1539 1583 1509 1461 12.09 
87675992 390 0 -0.18 1.40 1523 1523 1523 0 1546 1610 1458 1478 11.98 
87776080 391 0 0.08 1.40 1518 1523 1523 0 1522 1640 1462 1468 12.01 
87876204 392 0 0.08 1.40 1523 1523 1523 0 1539 1597 1507 1449 12.02 
87976352 393 0 0.03 1.40 1523 1523 1523 0 1522 1630 1508 1432 12.04 
88076460 394 0 0.28 1.40 1523 1523 1523 0 1511 1609 1495 1477 12.07 
88176564 395 0 0.29 1.40 1523 1523 1523 0 1537 1589 1527 1439 12.14 
88276672 396 0 0.07 1.40 1518 1523 1523 0 1543 1631 1513 1405 12.07 
88376784 397 0 0.12 1.40 1504 1518 1523 0 1516 1626 1480 1450 12.07 
88476928 398 0 0.13 1.40 1364 1397 1523 0 1371 1527 1397 1293 12.18 
88577020 399 0 0.11 1.40 1144 1214 1523 0 1246 1294 1194 1150 12.24 
88677152 400 0 0.15 1.40 1018 1018 1523 0 1150 1150 1150 1150 12.31 
88777300 401 0 -0.12 1.40 1018 1018 1523 0 1150 1150 1150 1150 12.31 
88877436 402 0 -0.20 1.40 1023 1023 1523 0 1150 1150 1150 1150 12.30 
